0 0.6311018131101813 0.5739191073919108 0.12412831241283115 0.21338912133891205
0 0.6154114365411436 0.7573221757322176 0.1736401673640168 0.14783821478382136
0 0.8263598326359832 0.2775453277545328 0.15760111576011154 0.25662482566248257
0 0.7524407252440726 0.5913528591352859 0.059972105997210576 0.10041841004184107
0 0.1199442119944212 0.5829846582984658 0.11715481171548117 0.2064156206415622
0 0.08995815899581588 0.7580195258019526 0.17573221757322174 0.13528591352859137
0 0.23953974895397487 0.596931659693166 0.056485355648535567 0.10599721059972118
0 0.3214783821478382 0.4930264993026499 0.08368200836820079 0.12970711297071127
0 0.2995118549511855 0.31659693165969316 0.09693165969316599 0.17573221757322174
0 0.3737796373779637 0.27824267782426776 0.11157601115760113 0.21617852161785214
